4096
16384
x86
32

5

89
17 1 2 16 14 1 10 28 22 14 29 0 6 23 26 4 3 3 23 6 14 21 1 3 29 26 12 5 18 9 6 16 28 30 26 0 14 5 30 18 24 13 31 0 0 5 27 1 17 7 4 13 24 5 24 1 1 15 26 25 12 31 20 7 10 23 12 18 12 23 4 14 24 24 21 14 3 24 28 20 25 30 24 30 4 6 16 15 24

83
1 4 29 2 17 29 29 23 20 17 28 30 31 5 27 25 1 3 16 11 18 3 8 11 1 21 17 2 13 5 30 27 15 20 23 20 30 0 31 20 22 21 0 3 29 22 11 29 17 19 4 9 8 14 6 22 6 31 20 30 12 19 7 7 7 8 25 1 17 4 8 28 2 2 16 4 24 17 16 18 24 29 26

51
19 22 14 20 15 14 5 0 10 9 13 21 13 3 8 16 22 4 4 16 2 26 16 18 23 9 12 14 2 19 3 5 28 19 1 0 23 27 3 14 17 28 28 0 10 8 8 18 8 2 6

64
22 5 20 11 14 21 20 20 4 9 22 24 15 4 7 7 9 6 24 12 27 14 15 17 29 2 5 19 31 8 19 19 26 31 1 10 13 16 31 21 7 17 12 28 21 19 1 20 16 24 23 24 31 15 10 0 11 26 24 9 13 10 13 24

82
2 9 30 17 17 24 7 30 21 25 19 18 6 12 9 14 2 4 27 10 28 13 5 0 10 28 18 0 0 8 18 12 0 7 1 10 22 4 1 18 28 11 8 19 14 22 19 4 17 24 11 10 7 22 9 5 29 16 20 0 31 17 30 12 21 11 17 17 17 2 6 30 16 9 7 31 8 10 6 20 31 7
