2048
64
131072

1

105 8 10 27 74 1 49 89 49 109 92 113 93 53 94 74 127 80 82 88 87 115 72 0 22 32 74 56 94 73 43 51 111 91 32 82 2 35 9 95 4 101 43 71 69 46 46 49 39 79 2 91 52 50 16 120 112 21 81 120 55 19 68 36 8 70 16 80 100 126 32 74 89 65 20 42 76 34 24 33 31 127 99 24 7 52 85 75 48 75 58 66 50 1 0 31 44 15 54 36 115 23 20 45 10 27 80 0 31 72 75 104 33 24 4 16 3 27 9 54 83 71 78 14 25 1 63 48 22 76 114 103 19 112 2 9 100 21 77 12 114 51 64 124 119 49 69 18 51 69 123 84 84 44 20 12 91 9 94 13 16 21 74 93 25 127 1 66 32 106 10 91 106 122 91 80 107 10 30 0 7 81 90 72 107 127 122 33 59 35 113 127 77 96 59 14 52 28 44 107 34 75 125 34 36 20 90 59 62 52 31 14 63 106 10 50 60 52 113 57 71 76 49 95 68 59 44 112 26 59 11 110 125 2 32 7 38 63 109 74 98 118 23 16 63 5 23 125 32 90 92 104 98 61 96 23 100 33 115 75 57 4 11 16 108 27 69 125 47 112 84 28 45 1 74 127 61 12 32 56 124 47 19 66 93 121 13 65 0 10 106 70 12 31 62 101 82 28 63 105 32 11 51 55 82 8 21 24 67 46 80 0 78 25 121 114 54 67 73 71 96 14 13 93 11 22 24 16 78 125 14 121 97 55 94 62 7 4 3 109 2 8 24 56 75 97 102 23 89 83 16 62 48 68 115 58 79 109 120 37 60 46 82 14 16 72 87 67 53 18 37 39 73 5 100 79 117
FIFO
0
216
2 4 7 9 11 15 20 23 26 28 30 33 34 35 36 38 42 43 44 49 50 52 57 59 61 64 71 74 75 76 77 81 84 85 88 90 91 92 95 98 99 103 104 106 107 108 110 111 112 113 115 118 119 122 123 126 127
RAND
0
220
3 4 7 12 19 20 21 26 27 28 30 32 33 34 36 38 42 43 45 49 50 51 52 54 55 57 59 61 64 65 70 71 77 84 85 88 89 91 92 95 98 99 101 102 104 105 106 107 111 113 118 119 122 123 124 126 127
LRU
0
210
1 9 10 15 19 20 26 27 30 33 34 35 36 38 42 43 44 45 47 49 50 52 57 59 61 64 65 66 69 74 76 77 81 84 85 88 90 91 92 95 98 99 103 104 107 108 110 111 112 113 118 119 122 123 124 126 127
MIN
0
140
3 7 9 11 15 18 20 22 24 25 26 31 33 34 35 36 38 42 43 47 48 50 52 53 54 58 64 65 67 76 77 79 80 81 83 85 88 89 90 91 97 99 102 103 107 108 110 111 114 118 119 120 121 122 123 124 126
2

0 15 34 29 94 40 125 37 45 64 98 8 69 73 17 124 57 127 116 50 55 114 90 127 108 27 91 127 112 125 89 24 105 115 35 102 4 95 71 17 114 5 16 78 7 120 110 97 6 43 28 33 31 84 94 2 114 25 72 44 72 85 64 47 36 31 44 90 66 124 6 108 121 89 115 95 114 37 112 29 124 76 50 33 51 53 63 90 118 2 49 0 98 15 98 44 1 106 110 92 39 125 66 37 69 100 35 115 63 71 86 7 124 124 115 9 119 31 47 58 57 65 62 15 50 72 100 23 1 44 68 32 39 77 14 107 93 42 58 14 79 101 68 12 56 84 86 4 119 11 9 34 48 42 93 0 50 73 16 32 89 21 94 109 118 69 41 25 124 111 87 101 55 68 89 56 25 114 55 30 71 11 48 31 67 74 55 8 85 21 113 82 17 112 65 96 87 95 53 44 87 81 91 109 102 103 41 88 54 7 103 25 30 41 52 118 40 15 65 71 26 6 26 27 21 1 118 51 88 51 123 46 43 80 93 100 28 110 95 12 92 91 39 11 60 66 44 87 100 23 120 68 55 104 2 8 13 25 44 35 8 15 125 103 6 93 91 8 80 107 14 89 35 122 69 119 10 18 86 102 122 54 13 127 31 106 60 63 24 48 37 6 118 67 4 63 123 118 50 15 91 47 69 82 111 81 30 36 1 13 52 57 39 58 32 27 80 49 114 18 124 125 24 5 34 32 93 24 123 52 13 112 8 68 99 115 58 39 25 27 71 52 118 6 44 87 85 9 16 84 88 23 93 52 41 88 45 30 96 47 69 89 4 103 49 93 18 19 126 32 49 61 36 27 32 53 73 82 55 24 31 90 49 25 98 20 67 52 97 35 37 99 28 31 62 117 10 10 1 61 69 78 115 19 72 54 121 18 47 95 80 19 119 108 76 12 57 73 78 116 39 4 1 86 99 35 71 115 53 81 124 123 79 74 63 70 1 54 80 45 103 66 59 36 120 79 98 21 36 41 53 102 13 53 58 4 24 121 51 109 53 70 64 4 84 110 79 14 123 105 114 29 93 11 118 111 85 81 84 123 70 122 6 0 120 125 39 104 113 94 125 64 108 114 35 92 60 19 65 11 12 60 30 100 117 112 36 26 46 75 121 13 38 87 85 91 30 20 82 69 126 110 19 94 80 115 105 52 105 115 16 82 20 44 125 113 93 60 81 71 12 39 52 122 2 56 25 111 100 105 120 122 109 95 37 19 3 5 100 46 48 82 115 8 52 32 120 44 108 35 89 8 31 70 105 55 31 42 57 53 70 42 116 13 4 99 116 90 125 101 104 105 108 75 53 47 8 55 83 1 37 24 5 47 95 13 80 16 50 126 59 92 37 58 122 26 22 105 25 100 100 107 38 12 47 7 123 26 77 111 35 110 127 0 111 1 84 85 74 123 13 75 60 26 59 64 55 63 56 36 49 51 71 35 29 10 3 42 23 54 31 73 73 46 5 51 55 86 99 29 8 5 81 92 34 5 51 71 77 96 30 17 121 41 32 119 114 73 36 121 27 63 77 31 6 53 60 40 66 68 79 59 14 92 33 67 47 8 102 51 79 115 117 80 9 41 27 58 10 103 119 85 67 57 4 3 17 30 89 45 6 104 70 122 20 30 36 12 87 46 31 37 38 118 4 107 4 95 97 64 90 27 67 58 14 98 16 42 67 32 48 41
FIFO
0
399
0 1 2 5 7 11 12 13 15 18 19 21 22 24 25 26 28 35 39 43 44 47 50 52 53 55 56 59 61 62 65 69 71 72 75 76 77 78 80 82 83 88 91 93 94 99 100 101 105 106 107 108 109 110 111 112 113 116 120 123 124 125 126 127
RAND
0
402
0 1 2 3 7 8 9 11 15 18 21 22 23 24 26 28 38 39 43 44 47 50 52 53 54 55 56 57 62 65 66 69 70 74 76 77 80 81 83 84 86 88 91 93 94 96 99 101 102 103 105 106 107 108 109 110 112 116 117 123 124 125 126 127
LRU
0
399
0 1 2 7 11 13 15 18 19 21 22 23 24 25 26 28 29 34 35 39 43 44 49 50 52 54 55 56 61 62 65 69 72 74 75 76 78 81 82 83 84 86 88 91 93 94 99 100 101 105 106 108 109 110 111 112 113 116 120 123 124 125 126 127
MIN
0
213
0 2 3 5 7 9 11 13 15 18 19 21 23 24 25 28 33 34 39 40 43 44 45 47 49 50 51 52 54 61 62 63 65 66 68 69 72 76 78 81 82 84 86 88 91 93 94 96 97 100 106 108 109 110 112 113 114 116 117 118 120 121 124 125
3

62 7 42 88 38 34 21 117 103 77 103 112 27 17 70 123 1 50 73 41 114 111 24 32 94 122 29 73 118 37 50 125 82 103 27 7 87 52 101 66 124 122 15 6 65 31 90 7 25 58 39 115 77 18 48 44 32 38 114 49 85 30 110 97 102 82 127 115 118 69 95 107 107 49 21 38 78 70 74 3 61 101 96 119 58 84 44 117 108 20 80 99 97 5 36 33 47 103 45 85 99 17 32 91 30 61 21 32 14 12 81 29 37 5 29 116 55 100 54 34 95 23 107 34 126 83 15 0 38 120 118 33 61 111 13 50 26 119 88 22 121 78 26 52 87 54 114 38 91 37 27 61 67 47 42 24 75 93 96 49 83 89 64 45 57 59 72 31 32 101 7 100 118 15 113 14 66 39 125 79 63 70 82 53 105 125 59 53 75 72 33 58 116 44 118 127 44 100 84 10 22 31 114 69 87 48 64 20 37 39 14 26 10 114 87 2 103 6 49 95 79 122 44 22 67 79 109 24 32 38 120 84 104 121 83 33 26 83 88 47 123 64 51 0 0 43 113 26 69 92 38 109 35 104 77 8 88 23 6 124 91 10 114 101 36 20 111 21 32 86 23 70 21 119 82 15 126 120 33 82 30 6 72 103 73 58 127 44 40 73 20 32 34 81 25 63 60 40 122 113 29 27 49 27 59 68 125 77 21 75 34 84 113 15 104 114 45 72 30 38 3 4 49 61 73 68 114 112 22 68 106 78 35 17 108 72 77 114 69 41 101 5 117 73 107 27 103 26 13 90 77 9 122 48 33 116 65 118 77 1 122 107 88 21 92 97 46 64 12 10 55 78 8 15 87 101 9 44 118 126 73 10 111 29 100 110 82 27 116 55 106 102 37 106 76 47 42 61 99 104 71 101 45 50 13 14 21 2 103 34 11 71 48 11 99 66 102 98 70 51 24 78 120 111 92 0 26 53 75 22 31 106 47 125 10 42 69 70 84 25 59 65 70 40 73 101 3 80 11 21 37 84 5 115 112 34 60 90 126 93 30 3 55 72 0 126 92 89 32 114 46 2 48 122 92 30 87 14 24 78 28 119 123 100 96 91 28 2 2 84 58 72 122 81 81 100 22 78 21 30 92 29 2 89 0 108 127 45 33 103 119 66 99 80 33 89 79 65 30 49 94 37 57 111 125 116 27 117 66 106 121 109 68 12 37 99 2 5 21 40 105 108 14 12 34 15 7 48 24 123 41 14 36 85 17 38 83 13 79 1 54 14 44 5 40 98 59 113 19 84 14 81 4 46 43 82 92
FIFO
0
318
0 3 6 8 9 10 11 18 20 23 25 26 31 34 35 39 40 42 47 50 51 52 53 55 60 61 62 63 64 66 67 69 70 71 73 74 75 76 77 80 86 87 88 90 93 95 97 100 101 102 103 104 107 110 111 112 115 118 120 124 125 126
RAND
0
319
2 3 6 8 9 10 11 14 18 20 22 23 26 27 28 30 31 32 35 37 39 45 47 52 55 57 61 62 64 65 67 68 70 71 74 76 77 83 86 87 88 91 93 95 97 99 102 104 105 106 107 109 110 111 114 115 117 118 120 122 124 127
LRU
0
313
3 6 8 9 10 11 18 20 23 25 26 28 31 32 35 39 42 47 50 51 52 53 55 58 60 61 62 63 64 67 69 70 71 72 73 74 75 76 77 86 87 88 90 91 93 95 96 97 100 101 102 104 107 110 112 114 115 118 120 122 124 126
MIN
0
182
0 4 6 7 8 9 12 17 18 20 23 28 35 36 38 39 41 49 50 52 53 54 57 58 60 61 62 63 64 67 68 69 71 72 74 76 77 79 84 85 86 88 89 93 94 95 96 97 102 104 107 109 110 113 115 117 118 119 121 124 126 127
4

32 71 72 43 73 64 86 38 121 99 9 118 21 89 70 62 76 46 33 76 40 75 31 52 124 50 94 122 62 99 112 19 46 83 103 37 7 88 13 119 120 43 55 126 53 40 118 33 96 73 10 33 53 42 98 75 91 45 109 5 2 98 77 66 122 109 52 21 103 71 45 43 102 73 53 46 9 59 84 3 11 85 110 9 119 44 117 64 82 102 80 110 5 27 109 33 58 24 25 33 81 29 40 41 18 35 12 37 66 40 35 0 117 36 127 18 41 77 25 78 85 114 62 69 31 0 65 30 101 45 97 36 2 80 121 111 13 114 52 19 89 20 26 114 91 12 81 65 41 59 9 19 113 75 77 92 78 108 21 83 83 33 89 124 19 96 1 82 80 125 124 75 54 43 70 109 106 68 113 118 91 16 46 15 70 76 119 22 5 60 10 0 5 63 20 111 88 67 76 120 29 82 106 21 92 84 84 31
FIFO
0
118
2 7 13 32 37 38 40 42 45 50 52 53 55 59 62 64 66 71 72 73 77 83 84 86 91 94 96 98 99 102 103 109 112 122 126
RAND
0
120
3 11 12 13 18 19 27 30 32 38 42 44 45 52 53 54 60 64 65 66 70 71 73 75 81 86 94 96 98 99 101 103 108 122 125
LRU
0
122
3 7 11 18 24 25 27 32 35 37 38 40 42 44 50 53 55 58 64 66 71 72 73 86 94 98 99 102 103 110 112 117 122 126 127
MIN
0
99
1 2 3 11 15 16 18 22 24 25 27 30 35 36 41 44 54 58 60 63 66 69 78 80 81 85 97 101 102 108 110 113 117 125 127
5

91 39 54 58 108 34 49 99 46 102 39 105 50 31 110 111 18 47 22 104 79 40 9 67 110 123 39 9 8 78 108 96 27 53 17 110 53 27 112 117 92 46 116 57 90 34 88 81 39 87 16 12 59 79 113 18 76 61 43 13 22 31 79 74 6 39 106 65 18 107 74 127 48 75 125 2 107 53 56 72 85 122 65 5 63 53 57 38 29 100 66 47 47 69 66 51 90 60 55 76 95 12 11 90 85 33 90 28 109 121 8 14 111 80 70 28 20 119 33 94 5 13 109 22 11 37 18 117 13 40 110 109 125 107 27 94 34 52 87 32 81 53 9 79 51 53 44 116 85 11 3 103 31 114 103 99 94 60 22 32 18 113 62 15 95 8 11 34 57 58 102 43 110 81 86 122 110 96 15 29 66 122 122 93 31 81 11 51 126 15 38 30 7 7 111 113 76 70 62 81 38 25 110 43 10 14 6 44 34 116 118 33
FIFO
0
122
2 12 13 16 17 27 39 46 47 48 49 50 54 56 59 61 65 67 74 75 78 87 88 90 91 92 104 105 106 107 108 112 117 123 125 127
RAND
0
117
9 11 16 29 37 39 46 48 49 50 52 53 54 56 58 61 65 67 72 74 75 76 79 80 85 87 90 92 94 104 105 106 107 112 123 125
LRU
0
116
2 12 16 17 39 46 47 48 49 50 54 55 56 59 61 63 65 67 69 72 74 75 78 88 90 91 92 100 104 105 106 108 112 121 123 127
MIN
0
100
2 3 5 10 20 25 28 29 30 32 37 38 48 52 55 56 60 61 63 65 69 72 74 75 80 85 93 100 103 106 107 119 121 125 126 127
6

29 78 74 122 110 2 35 108 87 124 122 105 5 62 25 2 121 85 103 53 69 81 39 38 46 16 107 94 49 115 90 55 109 51 115 125 9 15 5 49 36 70 31 42 79 45 99 123 7 55 79 83 87 31 104 100 19 63 127 43 39 38 102 69 54 92 54 57 41 49 39 25 126 125 73 121 58 101 64 49 60 118 80 57 29 81 49 13 30 40 73 116 118 99 93 22 46 92 100 66 123 108 80 119 84 100 1 22 74 71 92 3 68 46 59 117 17 38 102 46 49 83 107 118 59 79 52 39 97 17 127 87 92 63 61 78 32 116 109 99 72 105 126 34 97 9 28 61 108 16 6 29 57 25 111 96 91 2 97 79 78 82 127 114 6 14 19 100 82 9 47 22 49 85 116 124 58 54 12 22 66 13 90 15 77 127 81 44 112 58 36 105 30 5 99 46 20 31 111 35 1 60 63 1 60 89 126 126 82 115 71 113 117 120 83 109 18 12 15 23 115 8 56 46 109 73 26 25 17 27 54 34 71 109 51 5 117 85 1 100 101 42 60 47 105 12 78 4 57 76 127 119 8 119 70 72 70 50 28 60 109 87 22 39 56 8 26 56 119 127 98 102 102 36 63 28 46 23 46 25 48 100 5 70 13 31 13 7 109 69 81 6 91 108 98 51 111 121 60 98 0 66 48 15 108 85 83 74 78 37 67 70 24 74 82 11 32 47 60 33 81 66 111 39 34 36 16 18 126 17 41 28 96 90 58 7 46 61 60 39 25 112 19 6 60 47 48 70 57 39 64 66 28 75 67 107 68 16 47 33 29 75 43 99 2 69 109 77 106 83 67 101 52 38 42 68 121 29 46 47 98 39 82 26 65 28 9 105 51 62 59 77 36 1 75 59 28 36 39 102 61 118 89 29 58 73 81 59 114 15 116 89 31 53 33 52 118 41 65 42 65 106 125 74 23 93 38 99 7 45 100 30 52 12 13 113 55 122 122 98 95 44 102 117 126 0 13 30 31 57 120 70 117 33 8 82 76 101 9 28 50 23 82 40 21 104 28 110 101 83 24 13 103 70 27 22 65 91 70 6 7 62 90 13 112 80 124 49 58 43 25 124 59 68 28 9 89 50 71 78 31 79 6 106 76 15 92 107 90 44 82 118 36 5 123 14 71 92 4 5 38 8 99 12 92 118 63 45 51 61 121 62 8 84 59 46 35 92 48 42 71 96 114 37 96
FIFO
0
298
1 2 3 7 9 11 12 13 15 16 17 18 19 20 23 26 29 30 31 32 34 39 41 45 47 52 53 54 55 56 60 64 65 66 67 69 72 73 74 75 77 81 83 85 87 89 93 94 97 100 105 108 109 111 113 115 116 119 122 125 127
RAND
0
295
1 2 3 8 13 16 17 19 20 21 23 24 25 26 32 33 34 39 41 47 49 50 53 54 56 58 60 62 64 65 66 67 68 69 72 73 75 79 83 85 90 93 94 97 98 101 103 105 106 108 109 110 111 113 117 120 123 124 125 126 127
LRU
0
289
0 1 2 3 11 16 17 18 19 20 23 26 29 30 32 33 34 39 40 41 47 52 53 54 55 56 57 60 64 66 67 69 72 73 74 75 77 81 85 87 93 94 95 97 98 100 102 105 108 109 111 113 115 116 117 119 120 122 125 126 127
MIN
0
167
1 3 11 14 16 17 18 19 20 21 26 29 32 34 35 40 41 47 50 53 54 55 56 60 64 65 66 67 69 72 73 75 77 79 80 84 85 87 89 93 94 95 97 98 100 101 103 104 105 108 109 113 115 116 118 119 120 123 125 126 127
7

48 74 57 125 11 19 104 104 35 6 12 116 43 36 112 62 88 89 33 127 118 99 1 18 86 41 44 69 91 104 24 98 17 13 46 114 31 119 102 81 7 116 105 114 117 79 12 56 110 50 9 68 59 63 125 19 77 15 49 123 83 54 117 69 50 105 14 84 121 21 62 68 93 80 108 113 3 13 8 36 123 94 80 70 39 87 119 29 79 24 47 120 36 52 1 31 53 67 28 123 9 39 96 25 79 70 118 43 12 34 0 98 75 49 22 57 7 7 36 78 76 78 32 63 71 116 11 118 75 81 51 5 67 52 71 107 106 38 105 43 0 4 28 4 121 96 31 87 108 123 29 62 125 93 62 18 82 68 70 74 115 80 88 114 82 11 33 76 119 97 0 118 49 98 93 2 84 10 91 107 81 52 5 109 25 49 16 56 97 69 114 89 74 14 92 57 65 100 21 98 80 81 42 20 13 74 41 67 94 22 9 125 12 12 67 88 31 45 112 105 112 94 51 29 8 69 17 88 88 18 108 126 21 109 65 38 58 107 39 56 4 55 39 34 38 96 89 1 34 113 125 12 75 67 52 17 26 117 27 65 60 47 17 49 54 23 11 29 92 56 42 34 123 11 52 107 54 63 13 115 113 44 7 97 52 99 114 42 96 68 35 32 22 106 8 26 54 0 8 52 79 18 103 79 11 23 125 71 68 21 53 28 10 123 72 15 68 57 35 8 40 10 115 59 62 107 69 33 38 102 110 75 103 108 100 26 56 11 44 28 119 116 97 97 58 115 108 110 38 107 51 82 45 10 24 106 81 24 6 88 120 70 111 79 81 121 73 11 98 61 50 58 88 112 67 19 25 43 51 84 31 19 47 101 47 7 92 116 62 9 127 46 118 58 5 120 85 125 124 67 28 36 121 117 93 62 36 93 20 34 66 82 64 62 102 97 87 125 123 22 122 80 17 6 111 91 40 112 24 9 113 42 121 8 82 9 50 106 127 46 124 111 53 46 103 65 53 125 68 56 88 39 2 92 81 17 100 52 53 10 110 40 46 72 124 44 50 99 48 48 105 45 79 9 33 87 117 89 8 53 54 68 10 11 35 74 112 35 98 0 53 74 59 13 66 71 116 32 74 50 107 98 124 104 49 119 66 25 82 100 105 97 34 88 71 80 127 111 66 62 92 104 71 76 6 0 112 40 43 13 66 106 80 84 108 13 4 76 7 120 59 24 125 125 81 119 105 19 90 52 69 32 39 60 40 77 103 53 69 58 122 2 40 89 10 111 114 78 37 31 83 35 24 88 19 23 61 88 48 11 26 36 109 13 11 77 88 101 52 59 126 125 123 73 82 12 86 22 87 31 81 74 58 13 58 59 8 42 112 86 49 87 11 68 99 2 27 60 109 14 79 91 43 59 81 79 113 62 122 37 74 120 50 55 28 68 88 57 39 39 114 76 59 33 3 0 23 37 16 5 109 45 77 12 57 22 70 77 66 55 38 43 64 47 40 121 41 48 2 17 34 21 21 3 115 28 110 102 51 78 61 16 23 17 84 33 93 100 51 42 65 28 15 78 67 31 52 73 110 63 67 15 16 92 50 5 26 73 82 22 82 13 81 115 67 82 30 27 112 19 28 44 60 31 17 29 79 68 66 101 30 104 57 23 126 92 113 125 101 41 107 82 107 80 74 19 68 93 125 69 14 108 46 69 24 34 22 122 5 74 115 121 1 24 122 3 119 117 29 59 80 98 1 36 29 58 54 45 0 126 24 105 107 78 104 100 30 38 53 58 102 123 18 86 91 15 44 109 30 76 87 48 9 122 7 32 105 117 117 20 110 54 85 57 114 2 33 57 58 8 22 110 107 35 87 88 22 72
FIFO
0
430
0 3 4 5 6 10 11 12 14 16 17 21 25 26 27 28 34 37 38 39 40 41 42 43 45 47 48 49 50 52 55 56 59 61 62 64 66 68 70 71 73 74 75 77 79 83 89 90 94 96 97 99 103 106 111 113 115 116 118 120 121 124 127
RAND
0
430
0 1 3 4 5 6 10 11 14 21 25 27 29 34 38 39 40 42 43 47 51 55 56 59 60 61 62 63 64 65 66 67 69 70 71 73 74 75 76 77 79 81 83 86 89 90 91 93 94 96 97 98 101 103 104 106 113 116 118 120 121 124 127
LRU
0
433
4 6 10 11 12 13 16 17 21 23 25 26 27 28 31 37 39 40 41 42 43 47 49 50 51 52 55 56 60 61 62 63 64 65 66 67 70 71 73 75 77 79 81 83 84 89 90 92 94 96 97 99 101 103 106 111 112 113 116 118 120 124 127
MIN
0
229
1 4 6 7 8 9 10 11 12 15 20 21 24 25 27 35 36 37 38 39 40 41 42 43 46 47 49 53 55 56 61 62 64 65 66 67 70 71 75 77 83 84 88 89 90 94 96 97 99 103 105 106 108 111 113 116 118 119 120 121 123 124 127
8

62 14 28 24 29 73 123 95 106 38 76 95 101 82 80 28 40 38 124 78 11 11 89 118 62 116 85 29 10 12 16 87 104 67 37 61 33 53 8 65 118 93 75 78 30 105 57 33 66 54 101 89 115 9 27 126 83 114 108 83 11 126 115 86 122 90 45 68 55 47 42 49 87 20 10 100 68 121 121 50 26 126 84 95 95 102 41 52 62 116 115 80 116 11 12 57 93 26 1 78 4 5 102 119 68 64 9 44 126 77 108 100 24 59 28 69 85 88 21 125 12 94 4 46 109 88 54 94 114 59 119 92 61 72 95 76 41 51 86 113 64 110 48 28 103 81 118 120 17 96 35 33 27 81 111 75 31 79 73 46 103 18 76 71 123 6 3 46 101 101 94 119 39 60 20 122 95 127 28 33 49 113 9 104 15 51 22 62 37 64 104 3 57 2 127 56 111 36 94 64 80 82 116 51 101 64 44 48 84 19 105 74 67 10 122 117 23 64 82 49 44 21 112 20 23 89 125 114 44 112 96 75 57 122 5 67 75 53 43 84 111 71 118 50 47 20 94 2 60 46 79 18 60 13 122 93 0 10 110 61 66 69 107 5 27 51 121 62 69 29 70 49 103 44 10 58 41 36 95 112 57 48 72 70 78 90 90 103 66 21 77 10 80 79 0 48 26 55 116 120 11 59 32 87 41 44 101 98 82 69 29 27 8 89 95 102 100 9 57 44 55 108 81 71 96 32 31 118 63 16 69 24 55 40 70 28 27 15 99 96 72 114 123 112 51 77 27 56 82 27 120 77 66 107 10 65 81 44 58 68 41 102 98 39 41 14 58 58
FIFO
0
209
1 2 3 4 5 6 12 17 18 19 20 22 23 30 33 35 36 37 38 42 43 45 49 50 52 53 54 60 64 67 73 74 75 76 80 83 84 85 86 88 89 92 104 105 106 109 110 111 113 114 115 116 117 119 122 124 125 126 127
RAND
0
210
0 1 3 4 5 6 8 9 11 12 17 19 22 26 30 31 32 33 35 36 38 42 45 51 52 53 54 59 60 61 64 66 69 73 75 76 82 83 84 85 86 87 88 90 94 100 104 105 106 108 109 110 115 117 121 124 125 126 127
LRU
0
204
1 2 3 4 5 6 12 13 17 18 19 20 22 23 30 33 35 37 38 42 43 45 46 47 50 52 53 54 60 61 64 67 73 74 75 76 83 84 85 86 88 92 93 94 104 105 106 109 110 111 113 115 117 119 122 124 125 126 127
MIN
0
137
0 1 4 6 8 12 13 16 17 20 22 24 26 30 31 32 33 35 37 38 39 40 42 45 49 50 52 54 63 64 65 68 73 74 76 83 84 85 86 88 92 99 100 104 105 106 108 109 111 113 115 117 119 121 123 124 125 126 127
9

24 68 38 22 71 15 45 85 75 10 94 61 79 17 71 8 62 14 24 16 63 3 126 32 9 5 118 107 40 82 92 92 5 110 86 96 2 35 93 66 13 116 112 41 103 23 41 54 38 94 38 72 10 39 22 123 69 51 33 74 7 13 41 29 104 103 63 18 22 5 0 27 36 4 75 28 115 64 45 122 113 77 43 16 49 94 58 44 126 18 5 93 116 9 100 104 109 113 96 114 66 7 81 23 12 10 127 49 25 118 16 32 47 56 35 4 99 76 75 120 54 93 45 26 118 91 119 80 83 39 102 10 15 8 122 21 18 47 90 15 49 111 51 74 77 121 40 51 89 57 85 6 52 54 0 103 48 18 82 70 122 72 38 11 112 63 118 95 115 47 105 89 15 102 114 37 16 45 81 81 80 36 66 58 15 120 6 89 2 119 103 23 118 75 115 87 98 119 107 86 58 84 66 28 47 108 42 98 85 82 27 110 81 89 14 67 29 3 30 86 75 49 67 85 74 110 56 107 4 84 20 63 97 96 19 39 41 52 18 19 45 100 17 38 68 9 10 29 96 17 71 27 91 81 53 68 106 30 23 67 83 3 89 110 111 62 47 13 89 37 34 27 14 8 68 67 70 16 23 0 46 41 8 69 31 62 48 113 82 25 9 121 79 4 84 39 91 28 64 41 114 125 124 123 121 98 72 66 101 33 26 10 108 68 4 57 6 111 78 31 110 1 33 17 69 98 109 55 84 80 90 8 65 68 74 31 33 117 2 115 22 22 10 92 98 72 57 23 64 94 76 17 8 50 58 5 111 47 55 45 59 60 101 86 99 90 65 24 50 127 16 47 77 18 3 70 85 26 81 20 122 86 125 69 67 3 116 69 64 60 101 122 113 91 82 48 92 17 46 83 3 33 90 9 62 109 111 7 72 64 97 96 113 87 91 87 88 105 23 99 55 80 118 17 28 11 54 33 84 106 102 82 109 8 53 87 43 52 30 101 107 15 1 45 123 70 56 40 8 61 56 102 84 45 88 99 106 101 106 68 90 21 33 115 71 30 42 91 25 24 119 127 3 65 32 97 32 52 119 117 37 72 119 120 103 86 76 61 127 113 30 71 76 33 91 7 47 20 13 93 115 93 45 75 37 97 52 37 88 97 2 55 48 65 32 90 10 18 106 20 79 39 33 20 49 84 55 68 90 61 2 97 10 123 28 20 88 21 121 110 27 120 80 121 113 118 113 5 45 98 114 62 48 100 17 97 102 122 119 116 8 5 36 75 114 99 123 85 64 45 114 78 24 119 44 9 60 60 91 60 31 83 87 46 93 97 124 53 112 13 122 109 20
FIFO
0
307
0 1 3 4 6 7 8 11 12 14 15 16 19 22 23 26 29 30 34 35 38 40 41 43 50 51 52 54 56 57 58 59 61 63 66 67 69 70 74 77 81 82 84 86 88 89 92 94 95 96 101 102 104 105 106 107 108 111 118 123 125 126 127
RAND
0
310
0 1 2 3 4 11 12 14 15 16 18 19 22 23 27 29 31 34 35 38 41 42 47 50 51 54 56 57 58 59 60 63 65 66 67 70 71 72 74 76 77 81 82 87 89 90 92 94 95 96 101 104 107 108 111 114 117 118 121 123 125 126 127
LRU
0
311
0 1 3 4 6 7 11 12 14 15 16 19 22 23 25 26 29 30 34 35 38 40 41 42 43 47 50 51 54 56 57 58 59 63 66 67 69 70 71 72 74 76 77 81 82 86 89 92 94 95 96 101 103 104 105 107 108 111 115 117 125 126 127
MIN
0
179
0 4 5 6 10 11 12 14 15 16 19 22 23 25 26 27 29 30 31 34 35 36 38 39 40 41 42 43 44 50 51 52 54 57 58 59 63 66 69 72 74 76 78 79 81 89 90 92 94 95 98 104 105 108 110 111 113 115 117 121 124 125 126
10

41 105 120 66 35 36 14 16 33 23 9 100 121 54 102 80 7 23 27 46 19 106 51 39 6 15 73 29 55 67 65 39 13 17 27 69 20 108 72 92 123 69 45 103 9 57 118 35 93 79 118 70 49 75 93 116 67 95 92 16 43 49 110 84 69 98 40 12 16 121 27 101 54 46 8 33 127 102 124 56 121 69 40 87 13 31 22 11 78 47 42 7 117 40 116 84 118 114 98 54 123 122 78 25 68 17 125 98 21 100 10 118 60 53 84 60 118 99 108 107 63 84 40 58 12 41 3 45 4 66 63 49 61 32 120 101 90 34 31 10 47 57 2 125 75 58 105 36 5 67 32 57 87 11 99 51 68 33 32 127 106 103 104 92 98 123 100 0 116 24 70 39 127 103 112 89 113 60 92 53 36 100 95 77 27 14 94 12 15 28 94 90 93 67 64 120 22 104 69 93 104 18 42 68 75 64 112 125 71 115 89 28 110 84 14 97 89 93 20 10 65 33 3 37 96 57 59 84 19 50 126 127 14 76 50 29 47 63 76 118 61 12 77 90 63 11 18 73 75 76 82 9 3 77 124 62 50 122 104 79 60 36 11 96 2 126 122 82 60 16 26 8 63 44 61 77 79 80 122 39 35 126 63 40 3 41 114 58 77 69 126 87 56 112 48 98 92 11 118 83 24 88 40 82 84 15 11 17 92 49 1 11 40 16 16 50 106 36 5 13 97 66 19 102 59 63 68 14 47 17 34 10 75 111 52 30 9 88 40 0 95 38 6 113 25 113 111 18 11 1 10 62 89 82 51 38 56 17 50 124 17 119 107 123 37 96 27 60 113 8 65 51 37 97 33 15 5 52 4 127 32 114 126 80 38 105 4 99 81 60 39 87 105 101 55 4 106 105 106 85 94 116 99 15 17 7 23 115 53 66 77 45 126 79 98 39 2 34 113 108 43 67 30 9 100 82 49 30 82 92 0 116 122 104 60 18 118 19 46 49 94 94 29 27 4 80 0 90 12 19 58 9 57 95 25 50 20 25 39 64 125 110 36 81 72 12 98 127 4 23 6 31 6 8 10 126 9 0 39 61 7 25 123 116 56 94 76 61 122 66 96 34 48 52 93 64 40 37 61 104 80 42 96 41 78 97 92 94 80 24 50 20 30 47 123 18 75 114 116 29 96 20 125 76 54 56 101 109 18 91 80 79 56 16 48 43 14 43 124 0 14 77 48 85 50 24 122 66 60 105 95 119 96 115 56 68 91 7 109 83 88 83 56 47 43 64 57 70 105 74 49 92 14 43 59 43 27 46 113 1 29 16 87 6 127 37 26 59 73 74 83 57 77 35 125 50 57 78 20 31 110 60 127 77
FIFO
0
317
2 3 4 5 6 8 9 11 12 13 15 17 19 21 22 23 28 31 32 33 36 38 39 44 45 49 51 53 55 58 62 63 64 65 67 69 71 72 79 80 81 82 84 89 90 94 98 99 100 102 103 104 106 107 108 111 112 117 118 120 121 122 126
RAND
0
322
0 2 5 7 8 9 11 12 13 17 19 21 22 24 25 28 33 36 38 39 41 44 46 51 53 56 62 63 64 65 66 67 69 71 72 75 80 81 82 83 84 89 90 94 99 101 102 104 106 107 108 111 112 114 116 117 118 119 120 121 123 124 126
LRU
0
322
2 3 4 5 8 9 10 11 12 13 15 17 19 21 22 23 25 28 32 33 34 36 38 39 40 42 44 45 51 52 53 55 58 61 62 63 65 67 69 71 72 81 82 84 89 90 93 98 99 100 102 103 104 106 107 108 111 112 117 118 120 121 126
MIN
0
175
2 3 5 8 11 12 13 15 17 18 19 21 22 26 28 30 32 33 38 40 42 43 44 45 51 53 54 55 56 58 62 63 65 67 68 69 70 71 76 81 82 83 84 88 89 90 91 93 98 99 100 102 103 106 107 108 111 112 117 118 119 120 121
