512
8
12288

1

17 1 2 16 14 1 10 28 22 14 29 0 6 23 26 4 3 3 23 6 14 21 1 3 29 26 12 5 18 9 6 16 28 30 26 0 14 5 30 18 24 13 31 0 0 5 27 1 17 7 4 13 24 5 24 1 1 15 26 25 12 31 20 7 10 23 12 18 12 23 4 14 24 24 21 14 3 24 28 20 25 30 24 30 4 6 16 15 24
FIFO
0
66
0 1 2 3 5 7 9 10 12 13 14 17 18 21 22 23 26 27 28 29 31
RAND
0
70
0 1 2 3 5 7 9 10 12 13 14 17 18 21 22 25 26 27 28 29 31
LRU
0
65
0 1 2 3 5 7 9 10 12 13 14 17 18 21 22 23 26 27 28 29 31
MIN
0
44
0 1 2 3 5 6 7 9 10 12 13 14 17 22 23 25 26 27 29 30 31
2

1 4 29 2 17 29 29 23 20 17 28 30 31 5 27 25 1 3 16 11 18 3 8 11 1 21 17 2 13 5 30 27 15 20 23 20 30 0 31 20 22 21 0 3 29 22 11 29 17 19 4 9 8 14 6 22 6 31 20 30 12 19 7 7 7 8 25 1 17 4 8 28 2 2 16 4 24 17 16 18 24 29 26
FIFO
0
62
0 1 3 5 6 7 8 9 11 12 13 14 15 17 19 20 21 22 23 25 27 30 31
RAND
0
61
0 1 3 5 6 7 9 11 12 13 14 15 19 20 21 22 23 24 25 27 28 30 31
LRU
0
62
0 1 3 5 6 7 8 9 11 12 13 14 15 19 20 21 22 23 25 27 28 30 31
MIN
0
45
0 1 2 3 5 7 9 11 12 13 14 15 16 18 19 20 21 23 25 27 28 30 31
3

19 22 14 20 15 14 5 0 10 9 13 21 13 3 8 16 22 4 4 16 2 26 16 18 23 9 12 14 2 19 3 5 28 19 1 0 23 27 3 14 17 28 28 0 10 8 8 18 8 2 6
FIFO
0
38
0 1 3 4 5 9 12 13 15 16 19 20 21 22 23 26 28
RAND
0
41
1 3 4 9 10 12 13 15 16 17 19 20 21 22 23 26 28
LRU
0
39
1 3 4 5 9 12 13 14 15 16 19 20 21 22 23 26 27
MIN
0
28
1 3 4 5 8 9 10 12 13 15 16 17 20 21 22 23 26
4

22 5 20 11 14 21 20 20 4 9 22 24 15 4 7 7 9 6 24 12 27 14 15 17 29 2 5 19 31 8 19 19 26 31 1 10 13 16 31 21 7 17 12 28 21 19 1 20 16 24 23 24 31 15 10 0 11 26 24 9 13 10 13 24
FIFO
0
47
1 2 4 5 6 7 8 12 14 16 17 19 20 21 22 23 27 28 29 31
RAND
0
45
1 2 4 5 6 7 8 12 14 15 16 17 19 20 21 22 27 28 29 31
LRU
0
47
1 2 4 5 6 7 8 12 14 16 17 19 20 21 22 23 27 28 29 31
MIN
0
36
0 2 4 5 6 7 8 9 11 12 14 15 20 21 22 23 26 27 28 29
5

2 9 30 17 17 24 7 30 21 25 19 18 6 12 9 14 2 4 27 10 28 13 5 0 10 28 18 0 0 8 18 12 0 7 1 10 22 4 1 18 28 11 8 19 14 22 19 4 17 24 11 10 7 22 9 5 29 16 20 0 31 17 30 12 21 11 17 17 17 2 6 30 16 9 7 31 8 10 6 20 31 7
FIFO
0
61
0 1 2 4 5 11 12 13 14 17 18 19 21 22 24 25 27 28 29 30
RAND
0
57
0 1 4 5 9 11 12 13 14 17 18 19 21 22 24 25 27 28 29 30
LRU
0
61
0 1 2 4 5 11 12 13 14 17 18 19 21 22 24 25 27 28 29 30
MIN
0
43
0 1 2 4 5 6 8 11 12 13 14 18 19 21 22 24 25 27 28 29
